10330
30641
41439
49877
41348
74444
55034
31355
68396
68260
46973
43127
68131
81044
92072
43938
88311
15778
79596
38342
74280
56022
24840
95668
93790
29995
28188
99917
45771
18774
73807
91850
92881
18579
83028
79050
48676
81635
65169
89827
73937
47678
95976
78873
32659
24711
80968
68922
65823
28246
48147
71137
26288
48745
83620
31372
62957
33547
36865
83774
57300
42128
56125
77070
46884
85742
76887
32236
90298
62162
83757
73737
51001
29460
88478
53827
72281
18076
26175
89550
77365
22257
99904
29473
32611
19817
60040
12976
76699
93158
89602
37742
80017
57546
23897
47611
40442
36880
95896
48845
44202
42999
73907
80868
27014
63071
56837
22649
38387
66619
36831
70889
24697
31257
17613
90583
90835
61093
15841
98111
76998
32848
14484
48962
29730
10609
10712
95179
44429
40481
31022
76955
72555
69760
56505
88004
30511
62054
72303
37279
27509
39292
52838
64695
66945
19640
93586
60403
16957
66800
12318
65297
46949
72745
76893
75763
77738
53631
74820
22615
79127
52841
64713
66920
76981
38813
35491
37557
79651
19120
43793
66621
91670
80632
26877
89759
64533
37405
79414
66963
15019
82164
31873
51908
86960
11962
66971
61592
99833
59427
30176
15720
63296
42101
88506
65712
81548
35394
34130
99142
88894
50516
19541
14961
58638
65132
92919
22002
45862
80488
45915
82341
90308
44211
49331
19519
65491
24291
29995
63238
65531
79704
65023
82106
90046
62344
74159
40401
98015
68239
15915
79382
42604
13026
16890
58946
17371
29273
84127
13804
65785
46438
71406
31340
10737
94256
31658
32063
81962
52422
12553
75425
45566
54968
31681
49618
11943
51478
64068
76023
52201
89775
36670
76201
82503
70678
51457
71293
62234
39843
92084
36751
16099
87825
53866
61943
86611
94990
70496
49924
73159
64316
64079
11789
21605
63418
57629
14118
73475
20694
38862
33751
94902
48684
50021
10192
94992
11983
44456
81884
36165
71288
16576
46336
81213
27796
67760
82075
83230
62749
23317
84685
46767
51305
22946
97099
58899
59162
75821
35730
75159
51547
53551
44010
13291
28001
20306
48036
36654
72290
71822
14682
65030
35649
59734
55611
65408
38257
14081
48056
69058
29351
62497
64800
27627
96400
52684
96585
59921
30160
15885
82692
49611
90878
48635
39922
66614
17579
91671
50972
43624
38320
10880
85103
74460
86353
87342
52226
52451
17377
27531
65400
31743
85782
76966
64221
84954
60718
90965
99517
88389
52606
64127
49363
13063
31989
10980
68414
70095
57122
76384
51925
51581
32208
83184
98908
24447
83857
39584
48348
67576
62929
38350
85516
41032
79287
93844
67062
22690
26709
60541
24309
43479
10268
89696
61462
71319
51992
57762
54130
38735
82704
10448
83900
61740
39945
33701
92171
50521
19589
19393
77239
36461
75670
99108
67041
79477
92924
54481
67030
27322
71853
73056
60426
36726
89576
69807
34873
57395
20483
84459
61590
33941
77444
49843
65070
39806
33148
24777
59175
79077
67711
18615
42661
43708
27923
80747
63663
98480
30987
38523
72953
85207
37387
77262
42266
70043
40568
18908
35971
23877
74834
67599
29907
79550
37290
22780
62083
16295
88984
98349
53121
68612
28443
57171
87093
89235
52293
67859
82470
37536
63621
64556
30464
14103
44190
55001
95415
74860
67161
80492
30814
27708
69745
74878
16312
29517
84773
80390
89815
41375
77145
96389
14090
82202
44948
30828
35340
11941
39813
69926
76025
94690
81949
91105
71771
78130
23978
78785
45401
43311
19773
56848
56588
97001
23657
31321
38119
28240
63793
67242
65079
12865
39152
25943
20816
96113
48783
75987
56858
58399
75128
70141
40421
93440
48394
34263
80171
28184
75650
85986
14681
76676
83223
57153
28680
67634
29813
31333
92687
83159
86903
26168
98168
57851
62649
97647
28481
46979
24812
49392
98531
34954
49699
92012
66994
29695
28623
85963
99876
73013
42193
73220
80073
98790
29827
99637
97471
27500
71416
48548
53538
75534
35039
58085
82080
82090
95461
24414
26717
25482
89491
92845
10451
29862
46449
46159
84354
25982
34512
74199
22572
14087
37365
89258
65059
61223
81471
38226
61354
81625
72607
96651
26046
49399
29254
69586
17203
69448
84256
99021
60717
30489
54774
57798
68408
79188
95013
59560
17176
84697
17770
73176
51846
85477
24548
63660
92244
43248
43289
79779
23608
86967
56715
98665
81616
43230
12117
23318
55075
28242
92245
93340
86010
91265
20293
84475
17382
52655
34852
20548
73687
14040
94984
11016
62109
74300
12790
80181
30093
22363
65516
25798
73338
29158
39876
77491
43007
99247
52093
66595
47655
25983
74762
35157
25936
38699
13005
77895
52658
37403
33754
42569
25855
48085
62325
48028
41343
65421
81992
49958
29185
16124
61353
64272
89000
89973
13847
54740
66091
74912
34548
89769
19259
52491
67101
54165
26641
30294
80084
98647
41959
48576
87205
84371
72221
83814
22930
45287
50644
55943
47467
91770
10565
52331
77749
44621
11891
64519
91251
90714
82320
59319
40736
17341
66944
29111
49326
78998
55782
40541
16040
91725
42488
96532
69834
58800
31305
47676
84826
36785
21021
90402
17431
87149
69491
27696
78127
96850
44462
53506
90908
63801
86084
39776
84283
94702
95744
86335
34561
85820
62991
41718
20726
89767
65472
90662
85826
73167
39755
87492
24862
65838
51135
14926
79310
82705
82220
47832
42455
17431
11612
77558
89992
10036
94134
29472
90232
10930
34663
69257
29341
57199
97650
80622
75474
57929
43998
52966
88369
74858
15761
95760
35475
14216
16016
90494
52175
94520
27432
40762
80699
33308
85786
10488
20631
25222
75891
48631
39626
32209
19020
72823
92901
77629
61400
48233
54983
97098
15991
13125
32917
96078
83591
50240
25219
13057
35248
42471
52323
17477
68467
61326
82054
47003
38803
40954
82572
79801
49634
69161
20567
54738
62784
51847
88792
76059
62941
81726
99439
91932
41698
21598
79129
24582
37389
23703
38475
40454
61130
30143
37419
52558
30154
73951
58993
32880
32040
52325
98549
84631
89993
72450
12981
65450
30356
99928
69781
40630
45774
24240
65611
98843
85004
86655
95390
73655
55223
57023
39840
25761
87777
19802
15551
14587
96853
40715
72083
61267
58699
14398
43597
23129
58589
71253
85501
55227
32273
35412
82260
35114
19871
62897
90212
80426
42837
75088
41506
98853
32431
88638
21785
15253
85646
28237
14956
57443
43632
71319
53005
11859
83444
90423
39724
71283
83884
52654
83179
47347
23296
16323
54607
67791
65430
22900
23731
81109
51836
79289
74440
60965
17315
46021
76459
72742
92025
97688
88099
95716
11261
59522
89137
68440
80578
20738
10079
16392
52823
97476
10338
24962
41121
26753
60503
31072
36024
26317
20253
17479
72749
65300
60211
81172
44661
57567
58698
66383
49774
60411
65213
36355
92268
40691
72491
94947
23681
71165
86171
27596
36130
14206
44670
47063
87660
26115
60372
23325
22266
56313
60965
72763
14210
16466
86532
89028
10079
97294
78170
12894
43074
97846
38600
92222
42866
92442
11412
58729
92842
54940
99078
79165
98655
95746
65454
81922
17912
18013
91951
84149
95335
42392
83009
56422
95997
46352
26177
34305
36048
61998
71682
35325
36921
20488
18006
27194
91369
34381
74495
97879
69044
86955
38654
82629
52893
57340
62903
99404
38190
92849
22445
61629
27755
79206
11702
53461
18529
54489
92611
69516
53530
17208
48486
76330
19236
27836
83919
11028
87720
64140
40803
85927
27921
16981
14502
71102
69246
35890
78391
56348
68964
11388
92993
67453
14842
15208
79042
54681
24340
15835
98233
48714
49260
13160
67503
13279
88057
54528
36496
32400
70387
97731
65332
70974
74799
31716
64194
98692
11832
44991
52332
32873
69019
96830
52392
70874
33645
63508
53955
96468
81110
86055
41005
29142
77944
76744
49341
27719
29240
44506
37420
71591
19935
20242
12493
12103
34362
84983
44928
42309
93111
32815
93132
91879
53275
98166
89883
26910
37423
92573
16552
25789
82685
91423
29268
90962
75340
39381
55788
29509
45874
28813
14172
63876
83841
74299
51844
60999
85534
21196
73995
61734
94293
92220
92971
57211
48942
17851
32802
90986
65218
90457
27591
48177
85834
41007
83517
57711
22664
32811
88328
34247
25017
84837
82162
43289
36724
88150
47858
28552
42609
48991
66756
80150
35537
87186
56356
46984
52049
69437
26606
66235
49711
76677
43700
67908
50225
65317
42059
11227
90505
49632
41630
87877
45416
80100
95903
49259
60748
43396
28327
13360
80172
94234
54641
11988
34082
44612
52647
47395
22813
39402
61982
97385
72314
36196
95357
71274
24252
66738
57883
92881
60326
46504
63429
65071
57840
35923
68039
60676
27673
33753
41658
41364
16816
46935
48481
43650
35743
29860
44378
65952
41829
28050
33371
87655
56833
66482
89226
85482
97668
64139
92445
41697
73297
86199
36829
68403
59736
80609
54878
36694
14703
25321
51773
29165
45173
86371
36606
74622
40064
63561
82034
96688
54269
34308
33100
15435
48981
32545
81074
30121
31569
21204
99712
12339
38314
89596
54928
51230
68661
28367
79254
53507
14673
67784
68259
61398
97147
15640
53777
71478
26028
66773
84450
54427
17808
78908
32513
76590
87832
26566
92472
15936
95804
61268
40998
70238
14594
74323
23123
21320
97503
67669
83879
20753
74008
67005
90989
27746
59457
86916
48894
93251
83663
76816
66094
29110
70654
24390
18560
18367
43754
38871
96996
22491
94422
65989
87193
64801
60133
34205
31598
62050
85796
43345
99590
28140
80896
60347
25284
94839
94675
30956
26405
26416
65342
76705
77258
65509
83839
26658
18722
39790
51804
61087
75605
68000
64334
10893
88552
38242
96768
55584
43801
66816
95855
92866
93982
34288
58089
76684
40430
44309
50025
25974
62842
38998
73934
60321
74703
28044
66079
77569
32803
61610
72684
90978
44491
43044
58429
30040
49912
94538
44962
76000
61668
88802
90676
55983
12614
49053
15958
26453
64688
55973
33186
59827
87771
47898
68902
75501
63458
14291
15815
95444
75773
42615
43842
16780
96568
33108
58574
27409
72704
46617
88197
24931
22945
43103
17920
61853
35662
78479
77850
79191
58887
88588
55931
99052
36853
21802
84168
20299
78695
37126
30771
22502
10002
18751
59641
43614
12493
33713
74617
20448
93482
25525
98983
23248
26825
43930
11946
56360
22609
82907
85205
31729
71297
44794
51647
65039
44352
67450
58082
93507
65598
30368
78610
93576
12367
40799
35675
52012
81134
43856
40869
93972
40983
77813
41847
35871
97622
69253
69960
13254
30586
31264
36740
95897
57765
38728
68337
72835
74096
55119
22795
45136
52209
95206
57648
56040
52952
92372
52137
45605
99227
27439
58464
37367
99280
34631
77470
70538
30409
96182
68925
52082
51130
36549
65316
91936
37816
12096
53820
64603
21405
34023
79284
87877
40558
35311
63516
82767
47752
71122
23699
38988
89520
68289
43874
16360
77190
82144
58175
21569
91432
90599
46210
54812
77240
10235
40658
85350
88247
76681
99862
95809
85914
68946
58685
63612
33856
91645
60321
92491
90784
10182
65628
17631
48952
74711
60448
67521
69076
74736
68263
17785
12509
31300
48389
14003
38724
36090
80854
21631
21715
38087
95315
89588
51973
17178
96544
92815
46459
98751
61541
13185
41222
56819
78465
30178
65897
60302
31050
56900
85425
65790
15925
76148
38905
39203
99549
48732
62555
85178
42197
93623
23065
94421
33477
30898
30264
37083
79259
58222
98483
38408
83385
98329
83974
23433
38036
97209
71259
32980
40260
80157
82647
28774
95683
32088
56094
22515
92298
85640
69841
45019
58796
38562
93287
77258
49232
15975
84030
16728
21913
30752
15428
87671
60324
57636
71712
96553
15857
42659
34039
98147
11049
59205
55997
62971
55138
45314
33875
48934
76997
57899
90365
51417
80453
91035
80705
23050
85354
49834
26204
70331
44415
17013
41687
53391
62594
53038
66737
85118
90184
41189
89988
55860
91959
92396
62602
51037
21943
47866
53362
52319
33765
79743
24433
57209
67670
91404
35274
56714
46824
45122
20155
50271
17725
96426
30626
49136
21775
62894
69172
15596
87240
42554
15514
58717
92309
48475
41379
99400
33275
40324
50699
27654
89647
96251
14202
21183
80902
80038
81682
53253
42115
73494
96102
23313
64929
15903
21500
82441
68679
25501
77228
58843
57631
34573
67017
17765
16603
29619
53559
80353
32331
95639
46019
41211
93997
89206
27980
15067
14277
36928
21340
36326
42995
42564
67773
11199
74380
47159
48982
27922
71875
71151
82203
12618
54143
78186
41997
11744
44296
69614
42723
10096
70321
23015
10962
32421
96085
21397
58166
41818
47189
65262
51235
62540
27541
38856
27794
12816
76630
38210
78807
62496
80238
64233
82007
44948
81300
27049
23653
11231
87657
63465
16971
94201
70228
37464
70270
36018
52009
91558
17053
67358
25966
11495
33231
79844
21543
94505
25452
31578
51981
77192
29988
80810
86470
62947
54904
65904
55144
33149
60762
17725
44850
36710
18730
45868
72338
62954
90458
71751
30340
62803
25941
79170
83460
42745
63316
78795
78982
49850
94209
68506
53539
12311
47701
63924
45836
47889
14561
81300
71601
98860
63446
33421
18476
90401
60182
78190
49882
22245
82956
68702
80360
92599
26112
32004
72334
36187
35209
61765
97806
75411
89154
15806
28132
41536
13948
30595
59858
71559
94976
28982
96855
15038
84305
40414
49331
87601
77015
62764
34883
93269
79710
40169
85112
57880
60438
94100
66741
58848
36185
55519
27283
98675
80866
31108
92664
36630
56906
90211
39833
61431
50069
63110
21721
95962
15092
89898
84173
85196
30594
36584
89809
89735
83740
92440
50611
41745
65425
44527
31892
94806
68772
34219
99987
33090
17684
36083
81668
65111
19455
87212
16297
12150
45771
97978
21328
34183
27798
42028
74187
91108
91065
88885
31897
53197
20964
43057
92195
53657
53041
49968
31051
35187
41223
37807
38554
88071
76166
67892
34103
81827
51793
68170
11703
86596
29976
98977
54788
22922
15961
13960
48998
32711
79242
11250
45936
87420
77098
81849
63534
19597
58694
85962
95019
85879
88468
63453
26536
45995
47120
95281
54252
38964
39572
37272
41343
68886
31387
18511
80721
77777
51116
30804
72689
34030
63227
26872
46970
98836
21567
19628
36870
26287
60668
71825
84784
70036
30749
14630
19060
49764
15164
70962
86343
87431
96896
44215
72191
58858
92852
47275
33786
32132
29689
60084
51275
17903
61876
71432
29007
66919
89592
88430
38437
64556
91967
83396
46681
26803
70753
16831
76848
90229
34558
60421
19933
10379
92461
80259
82600
62298
46112
77821
74746
69030
63638
28973
47691
79753
91287
81232
61925
55514
94878
70028
99095
89375
38839
48620
41242
72921
73337
29141
39712
13214
94877
27130
83932
64952
72380
77925
70472
58627
72173
33794
65131
49275
66388
22739
91759
45135
80418
41268
23309
58233
66501
18014
11248
50970
40374
30494
85378
41343
45696
81275
90998
78267
90984
67752
55169
81605
87450
60657
24207
48572
40553
48016
69254
40076
41442
44587
79849
57290
15427
24366
99985
41294
81012
80498
31494
23668
43243
23135
72681
55711
15811
41843
39248
73992
89923
83626
24183
87600
47243
43266
68812
12861
43106
71144
11371
55702
83566
40896
81643
43640
82784
89890
28811
97724
73239
94521
58558
24683
65981
31989
74984
70421
23268
11735
96469
53842
25256
34365
57066
22180
83863
40287
85680
39079
12127
73897
64254
19296
35567
55245
73329
18645
41972
60529
10744
46868
74847
19020
75019
38183
96433
42211
68169
17832
44520
67292
75260
17230
32891
52587
90119
43769
71551
20048
85656
17488
75780
87458
85135
70804
76439
78760
19472
57801
95102
33387
22688
55896
15383
91102
93719
50146
29063
53704
44002
11842
99831
24030
97555
37935
98633
99554
74655
34073
17407
29213
42225
38123
79873
38945
58911
22221
34862
13441
83437
73710
99849
57036
43449
55187
25382
64251
89113
63172
70044
82623
63229
79149
99548
23778
97573
30819
57453
80634
15483
50373
18348
43346
64474
74400
54464
22163
88899
88801
44056
71832
79107
74901
40128
57124
68816
62177
25121
52436
92778
41510
69008
90419
51638
81262
78229
44097
66421
54558
74538
13927
35224
64007
20433
99076
51608
19908
27287
56645
48930
38134
57237
38563
61474
96310
96574
31493
64147
16987
41278
68921
78534
12056
99211
59031
22625
10249
14728
32630
14483
24623
96858
94428
90854
96531
65653
50412
11103
29023
86995
46221
31991
93266
12872
87146
98139
29531
16656
20342
43408
87606
13857
82773
60291
25412
76791
23120
28623
94655
61934
81747
43940
44082
62951
90597
91464
29492
95625
22923
39908
16391
76450
46955
97103
65890
47268
32094
70456
15778
94894
51856
33675
44687
51887
24975
49087
69500
76605
25697
59766
56159
17637
85865
17639
12791
95177
12266
94026
64594
30694
35354
60267
68015
80625
11940
81173
23531
58375
29327
53025
99903
88601
55929
30924
12159
29393
14210
47823
18161
19479
88042
19871
44201
38970
70717
40841
90296
59015
18751
64618
35396
64730
61374
37033
12784
75463
95753
17608
54861
44367
74703
82247
52576
66685
96533
85718
87870
27869
18671
62182
58063
65993
52496
67245
14443
64056
76999
13670
38020
15766
66749
23788
63866
86740
75630
87985
47496
22793
54312
63890
50728
97901
81369
39333
91470
79058
25733
14294
79460
83137
20618
82661
15556
87171
92060
43284
13756
93881
10941
10509
63835
83144
80574
56765
63384
59315
42211
35042
42467
47042
32444
77622
64260
86433
41282
17062
22422
89295
94780
16118
36730
95694
10293
28714
28664
84880
13986
22752
67917
50985
75584
43332
89444
95921
67211
62727
55527
39567
97641
98585
44786
70735
52071
22653
34678
85900
90861
37909
92257
22859
76703
58190
39440
94048
23004
10931
19891
46999
47618
19520
49268
24610
74623
65010
37791
70719
80453
37582
71678
23823
69905
20605
73587
69529
58803
40234
29465
80647
26618
58200
18698
10963
84779
94448
83015
92689
38790
86547
53469
65585
66275
71959
23396
79602
19274
83715
25377
15922
14431
34042
55949
32831
94988
86283
97404
93169
19433
58843
21319
67003
86540
44882
55455
31821
60604
46006
72658
33943
29058
16853
83463
66588
94084
53664
68667
29001
39268
62322
30498
20893
65233
65015
79204
48273
80260
79612
22997
77920
66137
78951
43834
94731
98566
25166
58305
26646
54358
62782
85369
48812
93298
32736
66207
53575
13808
16396
27521
17594
86741
60261
31371
80817
39353
69709
76323
61348
68188
97062
17601
93232
35432
61252
13428
79902
87963
88350
55799
49863
22710
25559
76027
29357
32776
65638
62029
73401
83392
19787
38252
24815
23445
74309
16524
34546
93251
46236
17118
80203
40977
71080
58033
36215
76805
35852
48640
78526
35751
87928
47003
52808
51824
62730
31243
16224
48225
53384
23566
71325
57055
90553
25595
93856
93076
29807
57849
52788
92939
46777
10273
78150
47122
97204
57477
40999
43427
43394
49269
22691
78121
92781
67692
79921
46001
79300
81390
93609
93923
59893
82911
70685
49638
99012
57306
92782
64510
99169
51971
63859
14479
86644
76416
96447
20682
77779
90538
83329
22043
59488
99631
75827
23018
47782
40002
93262
65181
58119
30641
37049
90843
72642
61604
43411
94756
67515
85783
96197
89170
54096
27246
54046
29946
62872
38478
31800
57821
72774
95303
61098
73245
72261
27430
55854
41820
21084
68252
17291
93040
65467
85739
97919
89014
23579
47594
33326
66557
49385
10115
73136
93524
23344
47865
38780
98866
77205
27596
82857
24179
15589
53752
60225
62830
22263
66051
42085
62124
26926
48019
84987
67885
28281
61989
39150
85804
75910
38217
89336
43812
59198
97976
47138
86614
51869
20081
86474
25535
31890
52173
75775
33589
56135
64024
98764
70803
94624
46108
84369
81695
84522
50942
25464
33262
87995
22850
75704
82342
70595
81256
17513
87001
66828
68825
90713
42092
45292
28878
36641
74221
40332
41105
56052
20630
42160
21631
25644
17542
38109
65930
25903
12597
59190
85702
72278
50275
32644
38317
91651
63208
41050
76426
62988
77077
48890
19661
80162
10170
18069
23616
55828
23310
24488
30392
42928
25255
24545
10223
43293
28512
39800
74308
81675
72248
86985
42636
95489
57552
36309
41451
56737
36746
43860
52492
62348
39719
38042
29470
72829
14525
40046
54666
90360
47089
46847
80508
41740
99313
92375
30799
40369
22247
68085
57301
79321
76064
63620
48328
48834
13180
65693
80354
43643
57350
43104
17384
29193
10958
69703
74722
67311
17325
93958
67036
51439
60037
41545
38526
89861
34637
79991
27703
12008
12051
27790
76710
10104
70577
43113
47252
54244
16800
34499
50098
46242
38754
76209
80308
69191
34023
76245
18723
80153
32088
31191
11848
45883
77986
56244
28454
36795
86898
29119
67347
45060
58450
34406
83050
61037
23497
17327
15519
95551
62002
91240
89264
29244
58715
16290
74254
44945
22164
34187
41430
35092
34166
29457
15675
70390
76092
44231
20813
82238
17108
27009
65285
60451
63641
88370
48342
39467
46550
78306
34161
37813
77076
31199
24852
48182
58920
96078
13668
14795
43757
11906
55551
77676
81837
86281
23990
40969
19617
20270
99892
52493
51460
89443
38272
97906
99617
21628
26873
95038
10673
80366
91393
27106
15133
52335
63197
36303
71703
76695
58826
49962
68869
95132
20367
24277
19029
31555
66735
21590
22233
64060
41593
55753
99619
76392
22660
29504
67670
23378
58980
52777
62172
66232
65779
44302
87704
83160
14394
38683
79494
86674
99336
94022
55524
81538
80043
47700
52649
17121
80095
24103
71555
34104
26063
57501
54641
76664
61591
69428
17196
47112
79333
52969
62697
48265
24794
98914
37075
13274
84457
28334
41234
42779
87662
57908
35418
76353
59775
52779
98547
35513
20452
99780
85335
53672
32731
42503
66804
96368
86734
51724
59934
62148
99393
31449
77984
21280
65367
93868
64156
84637
79905
11931
93647
35281
31554
80560
86727
98745
78036
10660
15233
84694
51346
47254
40177
37694
61218
50592
64510
34965
15691
50865
76520
16876
84068
35798
34000
20142
42141
15289
17230
91844
46874
95495
28789
52820
21312
40166
59889
82645
75562
84065
63435
80129
44481
90253
60217
65803
34887
20533
30981
98578
22134
90081
31014
29995
80872
99265
66863
65412
27297
92993
29583
43591
98592
41331
22602
49861
95281
88449
13835
62233
48936
23150
15434
17406
11557
76527
65525
30160
64461
95902
27600
50448
41568
43077
33754
63386
87470
92457
22037
31778
41950
37554
37862
19585
70225
95265
96235
73266
35425
62704
71901
77987
46345
44397
27503
60050
58201
28198
89518
62959
83533
28924
56187
83139
20514
26955
97547
58794
22394
48179
13135
44938
98025
83990
24277
67560
20107
80648
86955
84867
98355
42865
66774
72524
63357
13294
39715
49392
29927
93287
40013
17616
75482
31961
54203
27759
21764
84078
68689
23156
34874
17957
38097
80329
12480
50838
35662
63052
97996
52244
71655
48784
64974
18180
37305
92748
84487
89593
80689
23661
66247
74469
84166
32032
78627
61187
13093
74550
95989
61270
88578
47546
47718
86170
97417
78064
37832
51835
31917
37061
77068
96558
78016
58216
62685
63091
20860
17913
93411
67191
10571
24335
38940
66647
27705
43420
11057
15206
17344
27533
55343
85334
88549
31359
29448
83055
22253
43810
28532
90181
84133
57675
51048
43782
36840
57904
78619
88427
31825
75798
56323
23303
92477
78248
29950
19042
95732
98602
65869
41869
49882
47663
80717
97808
33279
12980
26291
68840
23880
22298
19587
39400
43200
11045
51656
45375
19201
33000
62552
63556
39497
61055
30030
11968
84131
35672
65004
79327
48076
51970
26571
30585
44521
89923
89730
90139
81016
87995
32023
30462
16717
49895
42308
54517
18741
72011
50259
51475
14133
12153
92962
71594
10974
57372
60819
94995
85433
74201
92004
19983
83352
75905
35835
14885
92885
84349
24366
84898
75071
63692
59876
47793
99266
83353
66772
65203
64749
79276
11757
19661
52539
22030
47394
33670
38568
80651
42923
31081
33025
77661
14941
29101
71619
22333
24555
82688
11142
85389
51072
85269
97946
46608
73519
83759
64452
65943
92047
51252
69472
26282
43767
51160
95850
85529
65327
64890
29021
62331
60953
10023
29549
35372
79530
38632
43084
67836
38954
88230
97808
20557
30983
30338
13895
61006
60209
66927
54157
81056
45454
10686
77669
45295
93524
26558
49737
51803
12241
43510
74861
94536
47119
87506
66754
30474
16754
13377
47382
42226
83303
79918
98082
46236
14078
16180
55445
25208
52701
23915
26658
45454
67080
41604
28198
84034
33572
87077
33122
22145
91213
24972
86054
47406
40306
20372
83326
10806
61220
65395
92895
29274
88749
16242
43749
79033
47708
91991
54834
48753
61358
16056
84232
97419
99734
93168
37303
65274
33319
89865
43588
58160
51018
33703
81193
43941
66241
98317
70904
74632
97860
31254
60720
50129
39859
25416
92589
69574
65395
17473
48146
58285
10360
83897
76966
27880
83710
31399
43969
24688
24373
85586
86405
40216
24860
10162
56963
62189
85540
44633
51873
93250
26967
57546
43826
94829
88259
17106
97329
14379
58003
97826
57453
57068
50974
99173
34016
64383
44514
49526
86906
75278
61390
16846
20123
32599
35614
87415
51643
26653
61312
14664
49099
85515
36762
55479
58766
43331
30749
15848
77779
61091
53514
53240
61054
71844
94505
42852
56218
92060
33281
39584
57107
71013
55323
54500
29252
54672
34865
12068
86922
49767
39840
57934
65973
81181
74949
77656
41405
24317
90737
10526
11208
20791
36873
16984
30801
92417
90223
44942
68393
69288
75110
58989
18301
24846
11788
79582
53659
81833
70049
18761
69968
48749
41650
99287
92733
28067
63440
12767
17276
86349
72970
73084
65561
61269
56958
62474
10661
64711
19714
63231
12010
87406
64581
81413
77176
17829
82915
43495
24165
15938
49648
80992
20183
32304
49425
15180
36592
99398
62292
91859
60218
38850
87311
97750
71430
23691
67938
15387
14072
18373
61121
18550
44533
49334
29190
96400
49372
86955
68324
14358
51522
84746
28606
38259
46480
95490
18852
66348
29978
77273
13082
44979
62924
26286
88423
11610
31240
56513
65156
14342
47988
67327
58926
31569
51374
93741
45553
86244
87580
67980
68082
75956
12925
67043
20417
26974
90891
28191
87823
62275
76676
57689
55402
81127
60068
24735
14739
85427
38883
54756
56838
86185
99398
54136
39509
85554
82350
55373
61429
65070
52870
32697
63511
32267
45814
99422
75602
34590
76885
74125
47863
41872
40316
49161
42291
50575
14966
68372
52289
35476
18146
25194
83649
17669
77594
29483
54136
68197
69909
20239
41160
45788
20161
54450
63686
92185
46398
56301
65178
69017
47527
62353
94110
37069
36592
65026
44509
68677
11153
80423
26253
50386
95305
91980
25277
68772
81345
27395
75154
86291
47190
99474
75236
41347
53541
51945
30112
92721
18177
43708
72872
63386
93236
60697
54690
36452
46703
35715
31442
70481
63322
55103
42594
32191
91922
99931
12486
21636
12562
17193
65144
83844
51840
15528
16864
62543
75905
68934
93356
75731
74891
52581
93556
66774
66696
34518
72805
82463
40681
61073
31689
69157
52509
16518
47905
73706
47994
85510
50918
34729
99157
81035
72234
98231
75806
62064
43548
78273
20837
96775
33120
46412
13016
19329
97190
90115
11685
80720
97428
69315
65555
78618
80342
77940
84486
77219
35609
70862
96754
62452
60516
96070
18109
95913
12309
38999
29846
36291
65239
25921
18620
15232
27978
56377
31549
43909
73543
54602
11488
95002
35678
66262
54373
98135
45923
35891
86798
84015
33453
91749
51778
16797
92085
97610
60859
92081
69114
67480
90786
79874
37557
34436
14880
27503
10907
87719
22692
77408
20513
73555
19768
94457
61420
72246
44779
54208
10117
11080
60635
40905
10138
98309
94372
35133
23723
97106
45295
31339
46559
18189
72443
15639
53888
67398
60287
95764
86535
45543
14059
49666
72530
74500
53216
33875
15523
58339
96829
52192
75646
68032
26759
19989
55951
99891
66362
39763
98620
54643
29051
73848
65598
69555
98799
84611
49871
17183
59849
93161
37495
85114
74353
55374
69320
51211
83672
45481
79565
82502
39129
97057
87662
50418
80862
10044
63393
44163
73947
67486
54758
12748
81882
49334
91831
99189
72550
45311
49925
60016
11820
48476
61892
75478
49557
62208
38283
96474
34941
44887
50033
24363
87875
66211
44212
53526
74138
55313
53992
39396
29111
35359
31005
87438
62303
38379
74406
84553
77699
32679
93095
15167
46137
67796
82785
50407
31315
61602
33766
98464
15756
43792
78187
67190
62196
10348
29033
89162
20711
23917
52611
14930
31731
63085
92636
88532
46524
59547
59697
57982
42354
27155
50264
68073
99612
79391
95288
49114
39672
67849
28123
88797
53093
67861
57092
42098
28585
58055
85793
98688
49644
58334
67225
58920
73298
72124
68535
30745
78165
67056
88909
18771
37390
31855
10076
77182
51147
98314
63758
35797
68667
95258
62255
14920
81972
56157
59099
22946
24434
29172
85613
71422
68442
52353
44043
67353
71578
18374
86100
16720
77478
44413
79224
39561
66379
16663
57026
18853
17221
76765
71274
81421
56933
84925
83084
87490
98778
96796
82067
95906
20759
84595
34071
92981
81816
59537
62188
12443
81877
59262
60358
53290
10148
66941
77678
46175
36071
85836
13009
95790
56076
39170
40199
73956
40852
71742
27879
16075
53736
10485
25645
71181
18716
39666
48913
77270
88660
70802
32713
75203
81590
82446
33737
19321
25593
98247
69811
64864
70284
79216
41181
21754
15778
79666
23466
45771
87244
30542
98094
49979
50236
14362
73010
50084
14971
17217
56432
57087
36740
65685
13427
21028
18438
49157
25460
11933
94789
85287
28769
72939
66839
93449
85817
60800
28981
34589
28159
73398
20924
74225
82387
34292
22309
66529
64239
55172
56422
27405
30971
21677
65675
99247
56657
35973
40941
36389
10843
85765
49593
95741
76163
70725
80898
97901
26535
82720
33805
29212
65780
64074
64879
28781
53295
63268
97667
16641
46056
53816
90910
14292
64187
83554
20733
99593
67458
13789
32255
20122
28401
15595
99510
73486
91249
96478
93618
17184
37204
29746
64733
39864
19001
47362
77272
72844
70774
15226
90195
65551
35018
58567
10395
87596
81553
42221
55935
42590
30827
43995
97245
19097
18127
44115
21944
70209
97565
83709
12373
23467
32977
72403
86279
83184
35256
66399
82870
87959
12691
79905
94116
82645
63633
10628
40848
76571
20934
33770
91642
98689
41911
89777
83716
25991
32588
44299
45093
24130
65452
32983
42602
87165
28974
18959
44425
60983
85568
48036
80857
97458
92021
42437
75394
27540
92229
92227
95143
66445
59343
54058
48842
54908
12424
46519
90977
81705
29974
73561
43290
76066
89578
68989
98178
23672
67696
99743
64358
75082
71002
41719
94211
70189
30283
65289
29276
20711
19454
47979
91694
91832
22705
16470
42458
34047
16990
25558
41423
88124
55311
14084
49820
24994
12247
78601
61081
75483
99098
46088
75243
89105
84354
47011
32241
47225
81321
57295
38141
18346
92114
57205
37592
54408
29259
61203
85218
78218
85173
62825
19826
38647
61864
67846
38221
26139
33299
33464
20132
88391
77647
67612
20365
87078
67608
53222
74113
34514
57594
86918
91902
24609
16601
78837
60650
87079
22763
88091
46680
52745
61508
31819
10383
49814
78487
54804
68284
82025
22661
19283
34695
95549
40228
46354
84817
14766
19132
73811
21268
46941
55453
35166
89330
43213
51002
34129
60008
33279
76234
84956
45660
88572
99346
20709
43437
68976
46206
78622
30992
32038
90654
92203
69580
22914
24422
64065
24624
16973
24599
49710
62743
70345
11464
69781
24905
37583
55180
34401
11979
30422
55390
62922
13058
68458
21895
50980
22289
73956
61181
37630
61952
28439
57958
34748
14937
32002
67341
33419
70572
96133
56179
16775
89452
88246
69856
53794
61929
34185
49773
53815
10892
36727
50157
31437
88708
57756
27269
51763
22661
43349
13300
45049
47240
49163
36854
84609
88958
24214
57277
32680
65457
20328
32550
22132
17695
61580
10922
16598
99552
14610
53538
31907
97736
65196
21170
54547
85996
36494
40402
28917
70817
94034
29045
40038
46971
58693
21039
89524
73397
15242
17035
65186
97029
29433
52317
33962
63711
70162
70724
40400
31087
30426
58085
22769
98815
37305
48514
44585
46439
30885
30689
52875
24699
38944
84320
88401
30085
11615
48892
65985
18121
22371
52471
66667
15615
46366
54110
31303
65194
85681
64764
99100
11139
24520
68828
95335
27284
99259
52084
57436
95558
65448
93681
76612
23884
18477
22943
68182
16101
61554
37524
35916
68192
52086
65118
19159
23447
19204
68075
16254
54647
98926
42204
25140
45903
50491
35271
11037
57300
36715
26788
57383
78571
46417
71566
47773
82858
86900
54971
43709
21231
94415
13637
34220
28834
41718
63614
54317
66121
84079
38943
36955
19758
23635
17993
56441
48084
27799
31417
87451
44206
97289
78193
31414
51237
89844
48613
62760
41437
48533
24762
25175
73784
93992
95020
49760
77519
98786
68971
30687
41454
42496
99578
38799
16950
10802
54348
92965
20681
59648
88361
61915
12820
49387
16481
29794
67582
62603
39890
43008
60352
82061
41018
54451
45247
16682
46142
41442
87965
63091
73061
43571
37993
70578
89403
26730
74437
66212
97836
94949
55753
88856
15995
25283
67722
92501
60437
67439
44257
68893
20164
50459
82871
22602
99876
72363
32926
99383
99386
21935
74716
35307
24877
30106
15879
94809
24680
77331
23895
61475
74490
27795
25378
93389
72206
60686
33016
23525
19664
43098
11489
30101
66084
94793
38690
74020
14730
78421
82615
27445
25395
84891
27132
73035
39813
19575
66933
19315
43754
82877
87490
61801
64981
12207
84447
87477
11353
52000
20909
72970
14597
98247
24245
96185
76021
40809
26415
91470
59694
67364
16680
44965
54585
48024
35304
19820
76243
72069
68363
55737
49378
82976
14874
29884
52159
77324
94897
78465
17885
24040
52066
18477
44256
61753
23375
10102
33740
77569
79794
56022
64298
78857
82314
24619
31615
89141
51292
70862
85557
45646
35835
13583
82218
30642
45100
86735
31528
41013
99621
52939
37118
54955
93801
54969
94376
45822
96907
20148
28238
80054
75350
92204
91648
15123
31883
97797
57893
32767
50086
21255
91656
18028
21154
36530
79573
47163
17664
70313
90928
44111
94366
30708
38117
62148
79938
21264
80451
90425
61903
31779
24773
16913
63494
77973
27273
86165
73530
40433
61509
91824
77755
59726
41537
84098
22478
41619
66089
50713
77417
42729
22090
56021
93257
96786
70102
31654
84935
17473
77987
76060
67728
95564
93726
11087
89453
19605
57622
28145
15882
83632
53641
37711
44160
51003
64001
38671
57664
95492
63200
71964
79250
85741
86156
50629
19447
61750
16871
31236
36578
27060
28782
75918
61536
75988
41434
63245
39248
15098
23103
45264
12524
97529
30005
65764
81292
32255
81860
89580
39057
58125
19749
34310
60192
71314
11484
43962
81991
69464
91106
10390
86272
33843
64125
73019
63394
49326
75636
57750
28767
64863
49286
90902
42849
89927
51665
35723
75968
50591
73978
99891
73082
22144
76837
27198
62739
66262
88598
89239
51208
71922
85646
68038
49896
93215
85463
79857
84525
99040
45936
23277
68065
45111
25562
46336
88530
73725
21734
39472
10545
62446
48884
96277
48981
57288
71138
48038
67221
58706
37613
71606
11599
73232
60557
61016
13206
11387
31782
29167
16608
53933
90900
69198
27285
68747
63536
69927
92924
62668
49410
28202
19330
78485
38502
59690
69940
76042
90545
54168
99512
71003
52514
90257
44125
12401
94311
68144
43993
77290
46411
86426
43707
37708
94855
47921
92205
64552
73774
46755
77546
81473
69133
33250
29772
93795
60871
83228
49489
66945
99086
89097
75832
18828
78605
65454
76491
72107
34961
98746
71530
18613
78510
66141
76693
54105
47233
50665
71728
94119
45105
36172
69825
86576
44106
17352
67603
90565
14662
67641
58066
76163
37392
69035
11729
44372
11150
56021
24088
10844
25375
37325
89189
23257
85338
71492
98750
92735
12663
95680
91302
63561
35282
75567
97371
79295
76278
77574
78592
88919
77625
95361
41746
76354
97232
79380
35853
19137
32291
28392
38641
50201
22365
76984
41536
13477
97915
18015
89409
47361
14076
96556
71226
35733
64602
71254
53352
44081
58559
13203
59912
20983
55796
16971
15212
10767
59140
96866
23215
82376
14115
65242
90336
38150
41172
76560
16526
30212
38968
95782
23369
75451
81850
34730
31443
35582
23729
46097
35492
45704
53995
20780
86343
49575
93413
95194
30937
49236
23978
39502
87399
88056
17884
48835
81185
88890
40997
30475
74951
95700
46010
85126
92675
91154
63205
31736
72311
11047
66715
22403
69884
65877
90087
14617
48974
51220
42824
61277
27448
41009
43418
58359
15213
82412
98829
48063
86355
30966
38704
68438
40218
96433
53825
19015
47916
89564
41906
67491
52284
93200
93770
90063
37908
49018
81986
75140
83987
48648
91671
23825
70378
46995
98309
16699
76261
22237
16256
12809
49699
84299
29804
46623
45792
62522
97028
77140
99235
84744
10838
75716
96283
70099
45662
58382
56211
81610
46542
64919
23516
45140
70312
18496
50186
35016
80302
57264
18960
69633
33995
12100
75148
21059
85321
42656
57749
91339
83659
48150
34331
49188
92471
72695
63662
33049
83407
45583
59276
19567
72448
90602
82498
16017
98681
26395
12542
89145
69976
84392
88264
18225
70986
69425
16744
71033
68128
15783
84134
36660
44191
97213
73973
48392
95573
36201
69321
23731
93708
69089
72419
23386
16530
82096
78268
29093
29744
21926
53422
70203
17659
50109
27752
10622
37023
28831
46972
73354
76077
50435
33624
60441
13887
59377
56575
79113
37137
68205
18322
63726
62928
57297
89619
15723
43133
27727
90153
69029
53508
40492
97421
47775
21815
96788
97821
70505
49049
69677
19015
30485
71951
31101
27119
55683
62303
84534
72167
89391
65908
12074
95139
56965
46192
83572
11194
94739
92444
33293
17402
23578
75213
41905
91798
36459
92499
81514
57818
51499
51713
17397
52126
35561
27939
90814
76835
35273
93934
80082
53959
45270
31028
44051
17278
90831
88287
94325
42025
17928
35205
24762
23178
44136
26734
42517
61454
35274
48097
81267
34355
48460
62473
32651
80821
60653
63732
65620
76248
11478
73916
70248
57765
50924
77731
76402
39484
95054
23897
61104
37300
95453
51221
19031
35210
43543
77619
33334
75507
92521
62032
95307
39113
36073
18143
89877
89500
15826
34496
88878
40027
36516
47519
10082
60032
38586
89296
31337
85526
98295
74575
19757
78231
52224
95024
96122
20850
13066
32639
83406
14279
52536
42523
66877
55690
12655
39116
62279
80571
73206
83793
62334
86427
40316
73115
93029
51116
98311
43306
77910
15032
76568
84777
69383
60012
92004
76092
73317
21002
52904
10759
60884
79461
25665
26170
49495
85544
43127
83188
63813
29981
35754
30427
82412
40478
76001
53349
64796
72391
16363
27645
69963
94692
71972
91620
77921
96465
47836
74792
79356
73637
39788
92572
94867
49887
57075
18126
34923
85813
42680
39682
20241
82538
59570
46242
48080
41758
83516
20209
86882
70311
63405
56336
18695
64146
92710
29834
27533
79291
57597
48693
54579
58224
49311
96772
55568
54259
88367
63532
57124
29579
54784
83977
28025
66747
59848
43006
72071
12783
30925
10089
20786
28415
34213
45580
33968
98346
80340
10002
37552
80495
88471
11471
91098
71977
26876
67822
76156
11449
74652
83257
53927
53520
27539
54317
81801
47713
11968
37517
64739
72118
39738
72453
46608
83674
68913
94242
19536
95267
77234
24957
22921
95130
19150
55191
59946
36676
94030
30817
65113
82466
39986
44589
61540
91447
75217
46373
37981
27575
21527
26006
46472
99301
91966
19063
23834
93669
72623
97486
75242
98586
76570
26202
48899
60259
12095
29208
15531
91261
99070
59852
58980
42591
95479
90073
55317
79443
73926
29969
35949
59455
98465
29952
75511
28468
38114
69931
75160
44136
84919
59533
42020
31281
23099
91875
97293
52613
93562
26204
45890
62192
26931
64022
49277
94633
51726
84323
91795
54224
21317
21173
89533
72484
61331
71139
56930
58544
60174
12312
52585
79335
76056
26743
97983
30890
67529
81846
26907
53458
90480
80235
71217
70773
77516
78593
30079
26100
19965
65030
49016
84187
76584
61112
49116
64997
41703
32443
99395
83307
67191
14406
99036
27806
53694
70975
48424
53512
81842
12807
55825
83661
45132
54629
91157
32029
89758
74544
20442
30697
77740
62209
71918
89117
17455
68918
24246
96801
61179
65622
45565
57375
83008
29196
95271
24509
81269
68090
41438
80946
99091
74508
73124
32689
80978
99757
76971
35360
96327
10086
32443
63007
43013
13843
55755
97910
85762
36588
19188
84327
70295
29503
66692
35294
72758
19587
81975
30419
22146
64211
60674
11966
40798
89094
78578
85589
48606
78011
54289
30266
72833
30071
48881
33536
85177
83318
36884
50980
58085
15083
49090
16462
49631
48492
53108
83376
68929
95775
46253
56352
75147
99219
37779
32002
69108
13050
10196
26258
73306
51861
21963
48710
17984
72367
14580
31075
24810
70333
74401
21103
26090
17479
96065
76322
23962
79823
25194
52096
26206
14852
11157
83342
59326
86329
91469
97944
36936
56443
59451
61629
88747
99791
53939
79449
16621
21638
71761
81669
15506
61621
89347
13832
24879
96284
25546
13752
72392
55084
74138
87195
43679
67045
30404
67329
37993
39138
55939
17920
48026
57624
64140
52589
83825
20719
67741
43053
42294
78012
58315
24848
22200
45405
68492
35290
26529
21064
98727
18012
15795
67987
58684
95857
10568
69102
79737
69701
32238
48815
36479
91868
19321
56252
22248
62215
14331
24071
28497
73500
54197
65020
96412
61566
86554
89068
69133
62312
12828
77804
62494
30893
66863
98462
43856
45622
58081
20921
88212
39879
50347
90344
62618
88802
89506
84871
77611
64418
58009
21655
96004
43684
16322
84196
34307
85195
16737
64466
35173
21224
42919
88974
20761
53341
60195
98415
94128
13030
17633
29370
33295
95180
65454
32916
23240
59240
71644
62732
68842
25960
34596
31819
96239
91088
96540
95851
36984
80675
21176
27898
42020
93905
88119
14291
65376
92831
17378
56427
14021
43120
16932
24402
64584
33852
33859
81304
94656
12847
84033
67863
91191
68394
76380
26837
70938
31497
99940
45459
63362
39300
32332
14734
59573
68593
96550
42400
18247
34160
16047
26404
66097
28406
23592
77039
53642
31347
53851
55600
31414
20777
83614
81366
72737
83727
41473
77797
40534
70231
85282
61103
35139
37997
35437
56848
33656
71494
46801
80700
30130
41261
33181
70161
95942
46576
62539
36468
73509
54675
96525
41377
58546
46855
67573
40011
58000
22944
74057
24298
63173
71455
11312
99623
70647
36624
47776
97247
25551
37267
91733
91813
15441
15248
16834
98603
82911
59450
43257
55073
36150
75206
76887
63584
31768
95047
49340
28780
13781
54108
87278
35377
35343
34470
82289
17686
46440
66676
93976
95545
37541
17016
69174
92797
71076
93926
63058
67751
24310
99281
65287
96168
80301
29578
81796
60647
52178
91488
76537
25301
54306
31579
93202
21851
59021
52450
18807
62458
62786
75253
71911
37363
98412
43105
19019
73186
27060
32269
62208
25733
31438
17265
16536
21960
75385
20049
20251
35209
46357
15100
35097
34503
67749
66732
62013
73195
21624
80899
15031
42756
89595
30018
45546
70343
10781
84718
50127
60421
38721
80593
19600
25628
10972
42979
68724
74440
45184
73748
51319
91110
46946
99879
35573
21371
19792
40703
10461
89018
40801
62993
37715
19025
31622
54235
24800
38197
47963
83736
64609
90258
59600
49025
28730
47388
19235
12812
77865
49494
36924
64714
46412
24911
21196
41153
69542
60450
76270
65522
21498
24122
68093
10015
28304
19648
98592
10984
13330
48324
94358
99305
69916
68623
47452
98068
71667
91313
13842
86649
76355
58508
53705
32478
87036
36593
48038
43236
24558
42120
52419
88342
26682
35210
62155
97752
64592
98392
12571
19189
93255
86988
80516
52920
77714
65734
89475
60267
91543
95960
34887
66079
27294
88430
25437
90789
46346
98153
51596
92767
78589
43338
23361
48352
14013
47572
65556
34422
30339
56540
42912
59721
61483
81808
65232
38569
42836
38869
21852
63921
31864
40900
59573
50482
15519
37607
20090
42654
62760
29226
50880
21817
40108
72817
14704
19394
77464
48465
73684
13539
35678
33103
46414
64227
71753
36931
31547
30677
54291
87508
33343
33880
68893
97014
68843
86512
65831
54141
85944
79826
68261
87359
99708
71850
65778
33888
74087
38557
64687
15964
13562
98963
41761
46680
83521
41976
15960
14522
58930
24549
95564
86593
69110
58975
74313
88115
21313
74747
19578
33479
97924
20330
55993
72800
53002
30829
55545
83016
57230
35711
68474
93084
56803
51253
59752
47397
25022
44025
49401
63842
26093
54905
95845
98057
60666
26220
41926
60535
85678
37488
25357
95917
76737
69541
16621
51517
27073
58773
86470
76653
27658
30090
48686
62621
14135
64982
63059
90437
18363
89419
74006
93772
80431
14840
66949
87475
96492
85302
60257
54861
90083
31627
95172
81549
73711
98545
99303
24371
94391
66724
65981
36614
70761
90416
30859
21248
81813
50805
65660
61767
68157
54165
22524
24265
83469
85792
66199
82712
16243
52056
75970
41812
95057
11481
99348
56667
32967
28805
69336
47634
76097
70832
91515
48478
31943
25776
70738
17988
69520
37500
16957
43639
73490
65210
56447
71193
74940
30583
19361
50233
18930
52476
10418
30879
24558
87443
43358
20692
73500
21664
24955
55930
72885
47347
51196
16795
39821
37781
24149
20968
14487
13010
53544
85502
95006
96037
77896
15496
53982
72879
41983
79101
24470
74515
14841
77400
26968
64121
85390
44236
87243
66659
37128
95850
81824
85499
19218
87054
42894
69011
76152
11841
45531
86187
20100
20028
71523
95121
20133
17213
87229
79673
89588
14190
76735
78134
36957
30225
27154
53156
39903
38514
72341
51396
77277
14642
43824
50479
15342
83660
62289
49959
42565
64140
33640
20377
36545
38022
23339
30962
88816
58784
11329
19738
40539
55548
61497
45799
42443
53793
18622
97344
34239
27615
82554
55359
77910
66869
47723
20166
99009
83451
65180
52829
40323
53401
39944
67611
59674
35682
44820
87020
69316
98243
51360
15932
27877
26006
23994
70524
55357
63430
16537
48191
49524
13096
41510
62158
27042
29351
30339
46561
40201
51520
92350
94169
82715
31318
42334
97556
36498
58974
53872
46391
76349
85376
28496
82560
70875
95050
62635
14175
17224
90193
16676
97695
33809
80516
52816
17516
36838
13172
99449
36337
45983
58254
12669
71489
25092
85029
52467
85272
22930
61769
57139
20701
71717
38209
81773
73814
60649
93771
31447
60600
62677
96841
88378
46266
32805
91606
28955
64231
79811
59944
28657
98013
52974
21698
75130
14550
56688
80542
87367
70596
49245
51807
17057
89655
38049
81405
45194
18981
28479
59563
18295
64540
89324
55261
15240
47144
30843
52923
66173
94071
52423
32640
87165
23125
30524
98834
55977
99036
79965
93649
51327
86010
24406
65441
43071
46570
85105
43993
41146
17833
98333
24711
36079
29166
71840
53169
59091
48472
25750
95965
90745
86297
82951
91175
51230
73735
79400
36804
22586
90827
51092
30570
55791
85430
43982
61205
56067
91185
26876
17266
73789
93553
92136
86886
95031
74121
56977
51989
55499
39711
51231
92001
54636
70525
75567
45699
27977
23778
26844
86967
63091
25176
63645
90145
19051
50155
47393
50390
39513
88530
10813
48541
37459
57316
88346
32973
38717
93269
17220
29694
65270
39949
69646
90976
78096
75317
36152
24268
10152
86377
93127
95502
54908
78924
37820
16077
32272
84375
95963
24254
79250
47896
84135
25541
51934
85338
62022
58378
77714
32496
56706
97688
87847
76538
79057
36899
73232
46311
52493
15285
51317
72279
55181
86293
14878
41194
12122
90699
36944
35946
11007
82597
81235
40461
38630
99973
96663
58985
81566
37580
93132
74726
32599
85732
90725
45126
44550
59112
85497
34360
61025
16461
77990
15353
33676
59150
16817
98025
14588
34650
33152
42690
59484
78618
73321
94960
30144
22674
32277
47120
54768
49275
95724
95565
73077
31307
86090
65338
95227
27073
11006
25277
25558
48785
55321
10044
63254
37161
81714
31374
60831
72913
59976
97212
51660
98142
66477
18487
24080
67777
41587
54538
60270
61768
23953
24477
95223
11480
14045
51032
28595
86168
17307
15301
44642
66549
90417
77499
61837
66488
87960
97506
22993
24792
80995
35830
65900
88603
69977
53047
64949
28940
55404
25703
47972
36188
20630
93899
67512
29994
30863
71948
93967
22158
51189
70795
62258
96811
71086
49834
93912
75161
58081
46303
12295
93326
89181
81848
71190
98475
82473
83593
95954
40336
23395
42166
46170
18984
59615
29902
97043
66766
51079
18018
92473
12673
89817
89082
34499
85110
42627
72927
80403
97022
74070
98509
86075
95495
74635
84601
14952
30018
35624
63071
57667
87764
73381
39182
84244
21349
66548
39997
48969
93096
61335
95157
68659
79554
45084
34542
94434
98939
84594
43930
88095
71662
37287
62108
98981
30852
10073
98699
78578
49999
27905
89496
29332
72929
36566
73185
37005
31392
88039
20326
99242
54597
90016
41895
44785
86336
91824
95098
10414
24934
10455
11968
55888
91565
32803
59171
62333
35574
23981
70558
87481
59426
70909
36990
94287
99016
79892
45644
43594
90621
86204
53175
25543
12007
22943
54171
83612
74009
45434
60059
95521
88328
53269
87286
17069
96187
44618
38354
41912
73011
29615
98040
81840
16290
28802
50255
58879
19521
15233
19273
80311
65706
16518
53698
73241
44304
76583
24021
36854
27720
52476
33727
45127
52824
53998
61102
90828
35712
69453
70613
45353
37557
42112
13043
89003
55398
10967
11572
29708
67806
80686
42810
82823
55847
44693
91744
17156
95742
69093
60386
53701
23366
23789
95486
75092
34251
82534
18939
25495
38861
14698
98314
68093
40517
70503
68379
93274
59099
41417
20335
65143
83254
37090
77289
39338
47033
15005
19685
67827
54118
79388
47531
83336
61195
97635
51597
38054
25038
89216
23080
66871
80532
90919
34366
18143
71298
50683
27889
15176
40177
86373
40734
32072
37790
23079
13967
11239
79375
83365
57605
11898
23082
65520
59241
16533
84992
32696
98890
97031
65010
11484
86151
58819
17921
24474
48819
53566
16078
35181
34392
70643
22887
29948
51606
91971
39057
57921
50634
92404
71445
98906
76105
52271
59049
68607
80643
10933
30495
51576
25652
54384
17047
55826
13852
78331
71095
77194
23511
89404
34198
55646
22921
57715
35875
66441
97788
62947
82146
84918
84399
24350
49157
26741
17003
92717
27465
48783
19637
95430
97795
83160
27759
63399
15249
92754
37429
42647
49434
67846
19415
73563
90265
48154
99758
58415
28404
66511
71330
46367
81183
91615
38508
73224
51357
75221
45041
64265
47274
82463
91783
15709
95735
37875
70783
94326
47581
13648
52486
69417
15298
22523
51199
39148
84403
37940
38923
30708
62652
69980
63352
66450
97011
68449
79660
33692
16433
50476
56931
73785
72687
81630
21108
83133
58453
35822
62825
29768
47687
67945
99284
73582
38264
98245
40606
51645
80824
20968
16028
14605
46431
50203
12065
15802
37718
41645
32778
28962
68822
45610
59942
54128
83393
61544
92919
95543
48531
24624
99998
48188
96612
69587
91439
65515
56485
51856
26739
49758
48012
50025
91143
66139
33530
23979
65525
58125
66567
21217
45497
23131
75331
57509
86969
60936
34802
12246
82457
54981
89313
44749
17989
18077
54154
56333
25237
82272
18365
45165
48393
67511
71493
78288
66514
91220
84118
83275
82862
75768
99558
80458
63407
50666
60844
46213
40101
88495
95030
18466
28332
81898
20151
86020
66815
88904
72482
55422
34370
65322
81787
20916
13240
24401
99838
76869
26096
72754
68444
41692
20044
60576
83388
12963
15993
34470
14326
90028
64591
11894
41423
86340
47060
55970
24151
27415
54596
54505
26812
12904
53680
10587
83540
69194
12913
81801
17019
63766
25432
10228
80780
34122
26263
29254
93715
32643
69689
40064
81996
56556
48321
79266
84248
12813
15254
59663
28168
66825
69585
17381
34341
49132
76490
95741
19501
23197
55883
62752
41967
21483
93621
35973
44663
82458
87524
51165
71987
25713
89265
73798
44966
54048
59516
32765
18775
94862
63461
23624
97531
67281
72220
65193
15271
50673
98324
47671
90859
96286
66893
42110
68645
37457
94773
51716
34375
74736
94643
22250
11556
26129
60420
91595
90235
25332
32486
35937
13684
68800
66280
34954
33525
47864
66201
72646
35956
43594
32397
54860
64791
40198
34704
76416
52131
99086
47777
61245
78801
51345
15753
38201
71651
18394
23449
10043
12236
76995
10082
53871
39943
56510
26913
80585
62670
32423
90319
76732
27223
78388
83709
68186
62382
15220
21915
92669
16691
56302
23926
67721
69410
95395
92864
69285
44399
27308
40628
64901
56730
77971
68337
79466
77611
34927
85850
17294
93866
38356
36958
82973
49365
86976
58431
34366
64971
90736
84478
55549
41291
92037
20421
40001
35747
16815
73961
49091
81128
82984
23967
50942
27496
70959
47194
34329
88427
13965
39125
16936
81799
69444
50818
76657
52438
85786
76048
60510
26737
51980
62400
92649
52147
57951
46584
44321
40880
67979
44185
22790
91564
42404
67916
87476
77865
65984
17834
70476
71365
73149
50753
35433
81062
96873
77116
10580
96775
44209
10491
55768
37252
15290
13205
20869
67151
37728
12889
64983
85929
64298
48917
89143
41006
62167
94624
45536
77219
75129
44695
12049
71300
20637
45960
44823
38470
42685
86175
78504
81778
25881
52809
27430
12120
79910
34371
15753
84592
36973
88621
90264
36017
75918
53964
65029
25826
97645
27211
80203
43494
95571
25319
25174
79808
24225
49790
23273
45896
69918
66580
36092
80589
13816
44544
88114
20080
67128
95333
46283
61257
76648
49650
93037
29160
61384
92547
75398
31247
30153
97489
26387
45364
78251
25700
19501
76644
20773
96200
21140
54428
75805
28331
27715
20107
20385
74307
39097
20231
76365
40918
93420
38549
20223
55150
83694
63284
99987
44171
99265
86498
16482
67524
12436
37409
74848
16867
72736
26644
97261
55095
73024
33431
86605
33362
10052
44543
51756
60504
31628
80440
77509
60243
59532
27515
30903
94503
72319
27016
40739
15341
22984
98218
67703
15986
38210
50616
58252
83310
26608
26114
42579
66657
35013
39271
14513
68882
73326
37513
75362
78907
69691
76951
88528
94898
21462
91864
31286
97080
88442
29771
75734
68179
51495
36484
90439
99073
86873
21780
83874
99863
80985
64797
26044
91105
38387
60377
94530
75688
57447
65579
26511
96011
48761
81262
14692
18624
30186
94035
64461
22713
59622
12027
22975
96653
78948
56251
71047
91662
95307
51026
39543
48863
10209
21665
99411
70414
68918
83638
92588
51874
14683
34240
52138
44697
34284
14495
51498
81742
13332
36808
41368
42102
11771
18115
99238
16072
10449
72983
31834
24687
96550
59351
88787
99705
67932
89102
54655
42992
19538
87128
91087
23465
73781
24941
57641
42234
58166
68881
62734
31125
88930
25914
33464
81661
19922
34695
54977
47674
43285
96420
97194
13155
44818
87447
13656
72234
61399
35375
34638
84574
69552
34220
10495
73780
80632
10239
70412
43224
29687
91717
51812
40614
72663
31816
18487
94210
55667
55839
59808
86777
78973
87383
28648
22257
81409
11829
83827
45797
24615
20637
41496
61518
44353
91040
63767
11346
20231
90707
50330
22315
45066
56911
24545
93112
13110
57634
70578
37408
45956
84703
98850
40369
78196
21409
41311
91858
41251
36842
83425
55688
80031
45387
69949
15722
63815
41873
44439
86863
91644
96181
79415
93861
94076
63770
85030
56182
52564
43018
58577
40748
35730
52923
58145
67323
66519
45001
25934
50414
69223
91311
27174
53886
21743
63768
94791
91120
43806
81818
37224
16915
50727
22925
87303
79781
54634
65831
61631
87696
84070
40107
59115
63662
24588
29366
69349
63290
18884
74466
57341
83537
74920
10528
94561
98652
29558
91982
25489
25415
42606
55628
35097
84635
87420
55237
18462
51291
29248
38324
33417
61730
54222
88226
34035
74283
21554
57626
12925
76271
66532
81433
59844
67623
26346
64508
76039
89547
14863
58697
40681
20897
13108
10849
44047
19621
16372
50043
91716
49615
30816
13014
35294
48946
72856
80108
56253
79851
35729
67930
42567
54269
53272
96686
37679
33700
70775
11446
97462
66174
42941
61220
11157
79874
30239
45559
73061
87672
38662
68915
29275
74056
98504
28117
26920
97483
46422
43294
67517
34776
66930
93594
20192
97375
64636
81472
25420
66197
75505
99225
45072
45234
37441
57622
44530
74518
33411
98759
82354
55438
12401
56285
56466
37787
99537
81060
21832
64429
74648
93594
44439
50815
73026
96456
26844
35272
93400
74941
63429
80112
78987
32556
98673
93702
11971
43042
54867
65119
72903
78416
55009
78034
82945
76337
99042
20446
87919
38330
20767
25843
67019
24148
40134
18810
98573
72598
40887
83207
61763
95448
55311
25533
65019
40149
64034
88423
22839
99074
76260
22347
78251
46781
64440
27239
46870
33310
25227
27069
18956
78535
96401
64785
32695
62620
26541
20940
30990
32850
21202
41329
17163
66528
36592
31007
68809
48156
18373
63249
19663
89164
95183
91312
26238
37397
81823
99688
60362
24162
82157
22569
83897
28732
21427
65468
31361
81581
38972
25695
77284
47696
82636
23810
23583
78895
99692
35101
76755
73234
60047
70128
96758
17043
21906
43701
80733
59313
77842
51344
38980
71292
90252
24397
68664
36803
80967
85575
62914
72658
96310
39000
82684
66609
50308
36468
86077
62768
63420
23745
62387
48908
52902
20049
16787
82183
83712
72359
86695
66370
18564
71416
86889
33708
60723
27285
83147
74079
71663
95352
73450
54180
65717
54209
74045
82560
44091
89290
34593
95388
33515
55140
23239
53710
59468
95026
19673
38981
35255
35873
91468
87100
93574
93533
32152
60886
22937
50665
91717
12686
65559
81312
93422
45618
60987
45598
81504
32455
63321
10517
55384
81183
35465
32551
86435
37537
40614
62949
70539
53423
46370
56492
20147
94133
76175
24217
85217
64176
43917
33720
66845
77617
50755
98172
34100
59585
48339
29875
69695
27646
46694
60658
10613
56719
61789
81310
28701
77629
38007
59992
16625
35937
65332
99418
44288
19332
49598
56483
44606
19775
48824
62252
43713
73247
41804
81601
13141
19553
37434
52082
68216
99177
28358
64186
24676
72306
58040
70090
77862
71801
81145
22489
48772
56258
61713
19539
15668
79005
22184
81623
27898
36546
24678
53974
51923
77718
64250
83251
87317
49610
12464
88493
16871
96326
77464
87495
37311
67671
74442
78289
42127
40528
12079
34407
47241
60129
10285
54454
80364
22505
65934
96550
37270
92144
52805
79012
40224
73660
19859
10610
20586
33811
95875
98009
89531
87665
60879
96604
33103
15756
78398
55785
88536
78032
42822
23180
69639
62548
25833
18257
79450
21910
73778
12614
45284
43684
79518
61708
67060
90274
76359
98080
72965
61629
45916
37469
76579
42654
16830
70895
47555
60184
54264
42800
54573
83814
16340
40524
78064
80731
92456
57703
45564
56926
87644
19282
20773
36008
69386
89593
62983
42724
21691
71205
77636
83175
54344
61218
78770
70595
82630
47970
20598
91366
38421
61657
28992
43048
25202
78858
52035
73579
72474
95206
80779
41001
93051
41288
15925
72398
43517
38271
97558
42835
24362
63722
40439
82574
76476
38729
50709
79599
30550
34024
34040
42582
19232
42510
50199
14310
49038
51339
79212
41328
64867
69757
86467
45454
96428
70396
31723
29566
71367
79740
44225
82129
14145
53106
28576
69407
17479
99054
62565
14344
35037
63763
16322
12759
25669
84859
70537
33218
14593
24555
59734
64629
49011
77128
94036
48983
11276
98670
31649
85396
55625
94742
43946
91638
57986
68160
68118
70512
52358
16025
92948
27742
97979
49656
75750
11014
76168
20845
60600
62476
68736
45878
13219
13537
46508
65796
94167
67806
98119
40548
58860
13010
67015
61628
67812
73626
73750
40748
82596
20428
44884
41096
19894
89339
96795
49928
35484
48616
85538
76515
31305
96523
92284
74544
97357
27570
40577
93611
26278
47874
92934
17779
81428
38378
78032
54506
31363
48832
80767
63822
76297
19985
11749
74489
38215
53857
80929
69433
45170
13779
68654
86615
67406
76331
92256
73996
49354
75461
10483
81241
79939
52104
91526
50786
44772
90916
26009
42297
75254
48116
62824
80211
53508
79330
76622
21708
84352
42521
51622
20854
43816
12583
83005
47355
52477
47301
73159
24036
57787
70477
66943
28062
29139
27951
48678
88852
92975
33469
47363
72732
66516
18291
34974
89116
74895
37693
41966
11249
99070
18581
21689
46865
36113
67324
33163
44401
60377
88590
10047
71371
70958
71407
35462
65830
20745
95727
36473
59167
99921
29013
87202
90242
63421
99747
17689
96125
91411
43112
19716
69216
69775
79711
60887
29553
50412
50561
59963
71905
80722
37034
72279
35190
42356
80043
37631
16317
57986
25542
99518
20492
49498
85957
95589
30582
53201
98143
56167
37677
54092
27175
75127
63907
54120
92088
58618
37375
13527
53692
52934
29880
21142
32285
77700
80758
66473
32796
58551
64468
95746
31920
36388
93249
26414
83885
23229
91069
39107
30414
51355
21542
35284
16765
24452
76045
95044
42735
46928
32507
50481
51565
81363
13666
71436
32376
50483
22772
36445
11968
71281
32415
22677
73595
61409
18555
94042
49995
38565
57656
58261
96515
59707
43318
65178
69385
44293
34057
72834
53559
30304
98304
56439
93322
18532
78905
36737
88071
42734
71049
30544
33733
32711
79688
29777
83386
64758
32034
79054
21137
48470
20149
97631
56693
18916
98076
97353
34913
55876
94679
55711
62356
20771
18537
84229
71028
36381
29040
11220
30847
55663
64348
81972
69632
27755
57844
72551
11724
14374
46172
44787
99075
44150
34300
52811
86437
87355
70958
92153
48200
18567
75426
76609
36528
67925
93419
36075
16721
60165
99367
37537
90769
44831
29684
30456
60233
19063
66232
29153
49994
50778
60467
29678
73996
72734
81110
16304
43378
42089
28310
86828
72602
82543
81315
59800
66635
42551
50715
48545
32037
43774
83552
92164
85504
93721
85909
13021
17210
19677
99214
61160
49370
64144
91176
17280
32507
68298
85991
56441
70429
87687
61211
52851
51038
62715
64883
33062
23650
98732
93186
59068
15962
86422
51216
61154
16761
97133
79693
30319
53556
43451
91093
17647
14568
85832
75650
74027
11812
13934
90638
86979
87869
19969
62869
36677
68467
85633
30441
65937
42535
91456
14928
66805
63747
24651
96884
74288
78254
26991
24273
32076
68977
29648
36532
38150
50121
82665
42619
66688
17250
55887
56783
66991
88160
20551
35942
65541
76419
53945
29442
68467
38686
98659
82994
14897
80329
97574
77823
36991
51050
78077
38616
79915
51459
47925
19295
80996
49639
76428
11805
31126
84185
32447
12482
48944
98402
20668
24543
69180
82030
77562
41944
98747
20122
62546
26925
39869
29505
94347
10648
26107
32372
46881
17586
75708
47759
79241
96124
24696
93898
25417
60244
47060
62989
19360
60085
69180
75311
21396
86803
90377
46482
37345
88569
37578
29733
46538
67188
47567
83272
25171
74218
67147
70002
13422
49076
94495
27008
10907
76521
83676
52778
74831
39810
49113
27184
88963
53759
23817
49073
97909
94650
56577
48474
19586
72865
27552
87780
29168
69916
93917
54080
78057
53440
59209
56158
42591
57043
85145
18313
54181
54738
31351
55997
42762
31898
40630
27629
55968
66409
76493
74074
25609
19527
46759
21068
25783
84891
45564
85990
59174
94575
30236
75995
49645
21352
82408
93295
97393
71924
21299
86915
46321
80537
20099
86811
12495
64406
58333
67329
38995
15519
44734
28783
99858
19328
77085
27968
94693
30317
78626
66784
88092
74200
28116
73118
95680
54010
40639
41596
43932
39903
42068
32723
17952
78075
99218
41210
66839
19101
76996
93646
47113
62918
60947
39978
33549
12785
81819
57011
53367
89134
87954
89238
35060
27103
98821
33533
27700
12990
42519
21259
56630
80655
21181
23193
78127
40616
87100
89155
66497
82104
69457
81974
88342
76633
53323
48651
52058
52929
79431
20450
61151
59978
90893
10243
26066
84763
16018
70733
18163
87913
40064
34191
86301
48907
84630
52281
94299
17248
30884
23693
96984
94364
30228
78005
39795
41712
20473
41759
84159
80002
87383
80935
38493
13568
77891
11278
26716
40573
90490
41701
93230
16111
65235
59535
25524
75047
91708
72966
64033
99954
90140
80054
59548
79554
56158
76804
91359
26799
87969
62274
64378
48396
96781
86969
81617
18197
77958
